2 0.18137254901960784 0.642156862745098 0.2973856209150327 0.21568627450980393
2 0.8464052287581699 0.9632352941176471 0.28104575163398693 0.05392156862745098
2 0.6454248366013072 0.7855392156862745 0.18627450980392157 0.17892156862745098
2 0.6176470588235294 0.40318627450980393 0.1568627450980392 0.09068627450980392
2 0.8447712418300654 0.05514705882352941 0.21241830065359477 0.1053921568627451
2 0.26143790849673204 0.13848039215686275 0.19607843137254902 0.18872549019607843
2 0.7549019607843137 0.4644607843137255 0.18300653594771243 0.13480392156862744
2 0.22222222222222224 0.4571078431372549 0.1503267973856209 0.12990196078431374
2 0.9183006535947713 0.3174019607843137 0.11764705882352941 0.13480392156862744
2 0.7892156862745098 0.18627450980392157 0.22549019607843138 0.12745098039215685
