2 0.20098039215686275 0.6311274509803921 0.2973856209150327 0.2034313725490196
2 0.8218954248366014 0.9399509803921569 0.2712418300653595 0.09558823529411764
2 0.6421568627450981 0.7610294117647058 0.18627450980392157 0.16911764705882354
2 0.28921568627450983 0.16299019607843138 0.17320261437908496 0.1642156862745098
2 0.8137254901960784 0.07475490196078431 0.16339869281045752 0.13970588235294118
2 0.7565359477124183 0.20833333333333334 0.17973856209150327 0.11764705882352941
2 0.9052287581699346 0.32965686274509803 0.13725490196078433 0.12990196078431374
2 0.25653594771241833 0.4632352941176471 0.15359477124183007 0.11764705882352941
2 0.6045751633986929 0.4019607843137255 0.1568627450980392 0.09803921568627451
2 0.7336601307189543 0.4742647058823529 0.15359477124183007 0.125
