2 0.25980392156862747 0.1213235294117647 0.21895424836601307 0.17401960784313725
2 0.17320261437908496 0.6470588235294118 0.33333333333333337 0.24509803921568626
2 0.2107843137254902 0.45955882352941174 0.17320261437908496 0.125
2 0.7826797385620915 0.16544117647058823 0.18627450980392157 0.14950980392156862
2 0.8513071895424836 0.04534313725490196 0.2058823529411765 0.09068627450980392
2 0.619281045751634 0.4019607843137255 0.16013071895424838 0.09803921568627451
2 0.9297385620915033 0.31004901960784315 0.12745098039215685 0.15441176470588236
2 0.7614379084967321 0.46568627450980393 0.16993464052287582 0.1323529411764706
2 0.6715686274509804 0.7977941176470588 0.238562091503268 0.19852941176470587
2 0.8496732026143791 0.9632352941176471 0.28104575163398693 0.058823529411764705
