2 0.2581699346405229 0.13357843137254902 0.16993464052287582 0.16911764705882354
2 0.17647058823529413 0.6372549019607843 0.32679738562091504 0.22058823529411764
2 0.8366013071895425 0.9522058823529411 0.3006535947712418 0.08088235294117647
2 0.6454248366013072 0.7769607843137255 0.17973856209150327 0.16666666666666666
2 0.8839869281045752 0.7892156862745098 0.14052287581699346 0.11764705882352941
2 0.7549019607843137 0.4644607843137255 0.17647058823529413 0.125
2 0.9199346405228759 0.3075980392156863 0.12745098039215685 0.15441176470588236
2 0.7745098039215687 0.17892156862745098 0.20261437908496732 0.12745098039215685
2 0.8316993464052288 0.056372549019607844 0.19934640522875818 0.11274509803921569
2 0.6176470588235294 0.4056372549019608 0.16993464052287582 0.10049019607843138
