2 0.2826797385620915 0.1482843137254902 0.17973856209150327 0.17401960784313725
2 0.19771241830065361 0.6360294117647058 0.303921568627451 0.21323529411764705
2 0.8316993464052288 0.9509803921568627 0.2777777777777778 0.08823529411764705
2 0.6503267973856209 0.7696078431372549 0.20915032679738563 0.19117647058823528
2 0.7434640522875817 0.4632352941176471 0.16666666666666669 0.12254901960784313
2 0.7532679738562091 0.19362745098039216 0.17973856209150327 0.11764705882352941
2 0.8088235294117647 0.0661764705882353 0.19281045751633988 0.1323529411764706
2 0.9101307189542484 0.31862745098039214 0.14705882352941177 0.1323529411764706
2 0.607843137254902 0.4105392156862745 0.14379084967320263 0.10049019607843138
2 0.238562091503268 0.4632352941176471 0.16993464052287582 0.12745098039215685
