2 0.2630718954248366 0.13480392156862744 0.18627450980392157 0.18137254901960784
2 0.17483660130718956 0.6458333333333334 0.2973856209150327 0.2034313725490196
2 0.8431372549019608 0.9583333333333334 0.28104575163398693 0.06862745098039216
2 0.6454248366013072 0.7769607843137255 0.21241830065359477 0.18137254901960784
2 0.6127450980392157 0.39828431372549017 0.16013071895424838 0.08088235294117647
2 0.7581699346405228 0.4644607843137255 0.18300653594771243 0.11029411764705882
2 0.23692810457516342 0.4571078431372549 0.17973856209150327 0.12009803921568628
2 0.7826797385620915 0.18504901960784315 0.19934640522875818 0.12990196078431374
2 0.923202614379085 0.30637254901960786 0.12745098039215685 0.14215686274509803
2 0.8284313725490197 0.05392156862745098 0.19934640522875818 0.11274509803921569
