2 0.28104575163398693 0.5551470588235294 0.22875816993464054 0.15441176470588236
2 0.7336601307189543 0.7990196078431372 0.19281045751633988 0.06862745098039216
2 0.6111111111111112 0.9019607843137255 0.16993464052287582 0.09803921568627451
2 0.45588235294117646 0.9644607843137255 0.18627450980392157 0.061274509803921566
2 0.6127450980392157 0.6593137254901961 0.16666666666666669 0.1323529411764706
2 0.5816993464052288 0.4019607843137255 0.09803921568627451 0.058823529411764705
2 0.6879084967320261 0.4497549019607843 0.12745098039215685 0.08088235294117647
2 0.3431372549019608 0.1997549019607843 0.12418300653594772 0.125
2 0.32026143790849676 0.4338235294117647 0.11764705882352941 0.0784313725490196
2 0.7434640522875817 0.1482843137254902 0.10784313725490197 0.09558823529411764
2 0.7009803921568628 0.2463235294117647 0.13398692810457516 0.08088235294117647
2 0.7483660130718954 0.0428921568627451 0.1503267973856209 0.0857843137254902
