2 0.2826797385620915 0.5674019607843137 0.21895424836601307 0.14950980392156862
2 0.7434640522875817 0.7977941176470588 0.21241830065359477 0.0857843137254902
2 0.6127450980392157 0.6629901960784313 0.13398692810457516 0.125
2 0.684640522875817 0.44730392156862747 0.12091503267973856 0.09558823529411764
2 0.3366013071895425 0.21323529411764705 0.12418300653594772 0.11764705882352941
2 0.7483660130718954 0.0428921568627451 0.12418300653594772 0.0857843137254902
2 0.7418300653594772 0.15073529411764705 0.10457516339869281 0.09558823529411764
2 0.7075163398692811 0.2512254901960784 0.10784313725490197 0.07598039215686274
2 0.4477124183006536 0.9595588235294118 0.20261437908496732 0.07107843137254902
2 0.6127450980392157 0.8982843137254902 0.12745098039215685 0.0857843137254902
