2 0.27941176470588236 0.5661764705882353 0.21895424836601307 0.15196078431372548
2 0.7418300653594772 0.803921568627451 0.20915032679738563 0.07352941176470588
2 0.6111111111111112 0.6715686274509803 0.12418300653594772 0.11764705882352941
2 0.3415032679738562 0.21691176470588236 0.12745098039215685 0.125
2 0.4526143790849673 0.9632352941176471 0.19281045751633988 0.06372549019607843
2 0.6160130718954249 0.9007352941176471 0.16666666666666669 0.09068627450980392
2 0.6781045751633987 0.4534313725490196 0.13398692810457516 0.06862745098039216
2 0.7418300653594772 0.15808823529411764 0.09803921568627451 0.07598039215686274
2 0.6977124183006537 0.24877450980392157 0.12745098039215685 0.08088235294117647
2 0.7483660130718954 0.04656862745098039 0.13725490196078433 0.08823529411764705
2 0.607843137254902 0.12009803921568628 0.11111111111111112 0.08333333333333333
