2 0.28431372549019607 0.5784313725490196 0.22875816993464054 0.16176470588235295
2 0.6094771241830066 0.678921568627451 0.14052287581699346 0.12254901960784313
2 0.7369281045751634 0.8075980392156863 0.18627450980392157 0.07598039215686274
2 0.6209150326797386 0.9166666666666666 0.16339869281045752 0.10294117647058823
2 0.3366013071895425 0.23039215686274508 0.1568627450980392 0.12254901960784313
2 0.6862745098039216 0.258578431372549 0.13071895424836602 0.09068627450980392
2 0.8071895424836601 0.35049019607843135 0.12418300653594772 0.08823529411764705
2 0.5816993464052288 0.4142156862745098 0.11111111111111112 0.06372549019607843
2 0.6748366013071896 0.4620098039215686 0.11437908496732027 0.08088235294117647
2 0.4493464052287582 0.9681372549019608 0.18627450980392157 0.049019607843137254
