2 0.2777777777777778 0.5833333333333334 0.24183006535947713 0.1568627450980392
2 0.6111111111111112 0.6801470588235294 0.13725490196078433 0.12009803921568628
2 0.7352941176470589 0.8149509803921569 0.20261437908496732 0.07598039215686274
2 0.4395424836601307 0.9718137254901961 0.19281045751633988 0.041666666666666664
2 0.6209150326797386 0.9142156862745098 0.1503267973856209 0.10294117647058823
2 0.33333333333333337 0.23039215686274508 0.13071895424836602 0.11764705882352941
2 0.7238562091503268 0.16666666666666666 0.12091503267973856 0.09803921568627451
2 0.6944444444444444 0.2610294117647059 0.14052287581699346 0.08088235294117647
2 0.3088235294117647 0.45465686274509803 0.12091503267973856 0.08088235294117647
2 0.7369281045751634 0.049019607843137254 0.14052287581699346 0.09803921568627451
