2 0.27450980392156865 0.1446078431372549 0.21568627450980393 0.19117647058823528
2 0.17647058823529413 0.6507352941176471 0.30718954248366015 0.2230392156862745
2 0.8431372549019608 0.9607843137254902 0.27450980392156865 0.058823529411764705
2 0.6584967320261438 0.7892156862745098 0.19934640522875818 0.1764705882352941
2 0.7777777777777778 0.17279411764705882 0.16339869281045752 0.13480392156862744
2 0.8349673202614379 0.051470588235294115 0.16666666666666669 0.10294117647058823
2 0.2173202614379085 0.4632352941176471 0.16666666666666669 0.12745098039215685
2 0.9281045751633987 0.31495098039215685 0.12418300653594772 0.1446078431372549
2 0.7565359477124183 0.48161764705882354 0.17973856209150327 0.10049019607843138
2 0.619281045751634 0.41299019607843135 0.16013071895424838 0.09068627450980392
